-1 -0.7363
-0.97959 -0.79271
-0.95918 -0.82316
-0.93878 -0.80174
-0.91837 -0.70941
-0.89796 -0.54473
-0.87755 -0.32707
-0.85714 -0.089549
-0.83673 0.13396
-0.81633 0.3199
-0.79592 0.45922
-0.77551 0.55454
-0.7551 0.6143
-0.73469 0.64738
-0.71429 0.6603
-0.69388 0.65717
-0.67347 0.6411
-0.65306 0.61553
-0.63265 0.58418
-0.61224 0.55034
-0.59184 0.51607
-0.57143 0.48216
-0.55102 0.44849
-0.53061 0.41454
-0.5102 0.37979
-0.4898 0.34391
-0.46939 0.30675
-0.44898 0.26828
-0.42857 0.22851
-0.40816 0.18747
-0.38776 0.14518
-0.36735 0.10175
-0.34694 0.057281
-0.32653 0.011956
-0.30612 -0.034036
-0.28571 -0.08051
-0.26531 -0.12733
-0.2449 -0.17446
-0.22449 -0.2219
-0.20408 -0.26968
-0.18367 -0.31765
-0.16327 -0.3653
-0.14286 -0.41172
-0.12245 -0.45585
-0.10204 -0.49708
-0.081633 -0.53625
-0.061224 -0.57624
-0.040816 -0.62147
-0.020408 -0.67544
0 -0.7363
0.020408 -0.79271
0.040816 -0.82316
0.061224 -0.80174
0.081633 -0.70941
0.10204 -0.54473
0.12245 -0.32707
0.14286 -0.089549
0.16327 0.13396
0.18367 0.3199
0.20408 0.45922
0.22449 0.55454
0.2449 0.6143
0.26531 0.64738
0.28571 0.6603
0.30612 0.65717
0.32653 0.6411
0.34694 0.61553
0.36735 0.58418
0.38776 0.55034
0.40816 0.51607
0.42857 0.48216
0.44898 0.44849
0.46939 0.41454
0.4898 0.37979
0.5102 0.34391
0.53061 0.30675
0.55102 0.26828
0.57143 0.22851
0.59184 0.18747
0.61224 0.14518
0.63265 0.10175
0.65306 0.057281
0.67347 0.011956
0.69388 -0.034036
0.71429 -0.08051
0.73469 -0.12733
0.7551 -0.17446
0.77551 -0.2219
0.79592 -0.26968
0.81633 -0.31765
0.83673 -0.3653
0.85714 -0.41172
0.87755 -0.45585
0.89796 -0.49708
0.91837 -0.53625
0.93878 -0.57624
0.95918 -0.62147
0.97959 -0.67544
1 -0.7363
1.0204 -0.79271
1.0408 -0.82316
1.0612 -0.80174
1.0816 -0.70941
1.102 -0.54473
1.1224 -0.32707
1.1429 -0.089549
1.1633 0.13396
1.1837 0.3199
1.2041 0.45922
1.2245 0.55454
1.2449 0.6143
1.2653 0.64738
1.2857 0.6603
1.3061 0.65717
1.3265 0.6411
1.3469 0.61553
1.3673 0.58418
1.3878 0.55034
1.4082 0.51607
1.4286 0.48216
1.449 0.44849
1.4694 0.41454
1.4898 0.37979
1.5102 0.34391
1.5306 0.30675
1.551 0.26828
1.5714 0.22851
1.5918 0.18747
1.6122 0.14518
1.6327 0.10175
1.6531 0.057281
1.6735 0.011956
1.6939 -0.034036
1.7143 -0.08051
1.7347 -0.12733
1.7551 -0.17446
1.7755 -0.2219
1.7959 -0.26968
1.8163 -0.31765
1.8367 -0.3653
1.8571 -0.41172
1.8776 -0.45585
1.898 -0.49708
1.9184 -0.53625
1.9388 -0.57624
1.9592 -0.62147
1.9796 -0.67544
2 -0.7363
2.0204 -0.79271
2.0408 -0.82316
2.0612 -0.80174
2.0816 -0.70941
2.102 -0.54473
2.1224 -0.32707
2.1429 -0.089549
2.1633 0.13396
2.1837 0.3199
2.2041 0.45922
2.2245 0.55454
2.2449 0.6143
2.2653 0.64738
2.2857 0.6603
2.3061 0.65717
2.3265 0.6411
2.3469 0.61553
2.3673 0.58418
2.3878 0.55034
2.4082 0.51607
2.4286 0.48216
2.449 0.44849
2.4694 0.41454
2.4898 0.37979
2.5102 0.34391
2.5306 0.30675
2.551 0.26828
2.5714 0.22851
2.5918 0.18747
2.6122 0.14518
2.6327 0.10175
2.6531 0.057281
2.6735 0.011956
2.6939 -0.034036
2.7143 -0.08051
2.7347 -0.12733
2.7551 -0.17446
2.7755 -0.2219
2.7959 -0.26968
2.8163 -0.31765
2.8367 -0.3653
2.8571 -0.41172
2.8776 -0.45585
2.898 -0.49708
2.9184 -0.53625
2.9388 -0.57624
2.9592 -0.62147
2.9796 -0.67544
3 -0.7363
3.0204 -0.79271
3.0408 -0.82316
3.0612 -0.80174
3.0816 -0.70941
3.102 -0.54473
3.1224 -0.32707
3.1429 -0.089549
3.1633 0.13396
3.1837 0.3199
3.2041 0.45922
3.2245 0.55454
3.2449 0.6143
3.2653 0.64738
3.2857 0.6603
3.3061 0.65717
3.3265 0.6411
3.3469 0.61553
3.3673 0.58418
3.3878 0.55034
3.4082 0.51607
3.4286 0.48216
3.449 0.44849
3.4694 0.41454
3.4898 0.37979
3.5102 0.34391
3.5306 0.30675
3.551 0.26828
3.5714 0.22851
3.5918 0.18747
3.6122 0.14518
3.6327 0.10175
3.6531 0.057281
3.6735 0.011956
3.6939 -0.034036
3.7143 -0.08051
3.7347 -0.12733
3.7551 -0.17446
3.7755 -0.2219
3.7959 -0.26968
3.8163 -0.31765
3.8367 -0.3653
3.8571 -0.41172
3.8776 -0.45585
3.898 -0.49708
3.9184 -0.53625
3.9388 -0.57624
3.9592 -0.62147
3.9796 -0.67544
4 -0.7363
4.0204 -0.79271
4.0408 -0.82316
4.0612 -0.80174
4.0816 -0.70941
4.102 -0.54473
4.1224 -0.32707
4.1429 -0.089549
4.1633 0.13396
4.1837 0.3199
4.2041 0.45922
4.2245 0.55454
4.2449 0.6143
4.2653 0.64738
4.2857 0.6603
4.3061 0.65717
4.3265 0.6411
4.3469 0.61553
4.3673 0.58418
4.3878 0.55034
4.4082 0.51607
4.4286 0.48216
4.449 0.44849
4.4694 0.41454
4.4898 0.37979
4.5102 0.34391
4.5306 0.30675
4.551 0.26828
4.5714 0.22851
4.5918 0.18747
4.6122 0.14518
4.6327 0.10175
4.6531 0.057281
4.6735 0.011956
4.6939 -0.034036
4.7143 -0.08051
4.7347 -0.12733
4.7551 -0.17446
4.7755 -0.2219
4.7959 -0.26968
4.8163 -0.31765
4.8367 -0.3653
4.8571 -0.41172
4.8776 -0.45585
4.898 -0.49708
4.9184 -0.53625
4.9388 -0.57624
4.9592 -0.62147
4.9796 -0.67544
5 -0.7363
5.0204 -0.79271
5.0408 -0.82316
5.0612 -0.80174
5.0816 -0.70941
5.102 -0.54473
5.1224 -0.32707
5.1429 -0.089549
5.1633 0.13396
5.1837 0.3199
5.2041 0.45922
5.2245 0.55454
5.2449 0.6143
5.2653 0.64738
5.2857 0.6603
5.3061 0.65717
5.3265 0.6411
5.3469 0.61553
5.3673 0.58418
5.3878 0.55034
5.4082 0.51607
5.4286 0.48216
5.449 0.44849
5.4694 0.41454
5.4898 0.37979
5.5102 0.34391
5.5306 0.30675
5.551 0.26828
5.5714 0.22851
5.5918 0.18747
5.6122 0.14518
5.6327 0.10175
5.6531 0.057281
5.6735 0.011956
5.6939 -0.034036
5.7143 -0.08051
5.7347 -0.12733
5.7551 -0.17446
5.7755 -0.2219
5.7959 -0.26968
5.8163 -0.31765
5.8367 -0.3653
5.8571 -0.41172
5.8776 -0.45585
5.898 -0.49708
5.9184 -0.53625
5.9388 -0.57624
5.9592 -0.62147
5.9796 -0.67544
6 -0.7363
6.0204 -0.79271
6.0408 -0.82316
6.0612 -0.80174
6.0816 -0.70941
6.102 -0.54473
6.1224 -0.32707
6.1429 -0.089549
6.1633 0.13396
6.1837 0.3199
6.2041 0.45922
6.2245 0.55454
6.2449 0.6143
6.2653 0.64738
6.2857 0.6603
6.3061 0.65717
6.3265 0.6411
6.3469 0.61553
6.3673 0.58418
6.3878 0.55034
6.4082 0.51607
6.4286 0.48216
6.449 0.44849
6.4694 0.41454
6.4898 0.37979
6.5102 0.34391
6.5306 0.30675
6.551 0.26828
6.5714 0.22851
6.5918 0.18747
6.6122 0.14518
6.6327 0.10175
6.6531 0.057281
6.6735 0.011956
6.6939 -0.034036
6.7143 -0.08051
6.7347 -0.12733
6.7551 -0.17446
6.7755 -0.2219
6.7959 -0.26968
6.8163 -0.31765
6.8367 -0.3653
6.8571 -0.41172
6.8776 -0.45585
6.898 -0.49708
6.9184 -0.53625
6.9388 -0.57624
6.9592 -0.62147
6.9796 -0.67544
7 -0.7363
7.0204 -0.79271
7.0408 -0.82316
7.0612 -0.80174
7.0816 -0.70941
7.102 -0.54473
7.1224 -0.32707
7.1429 -0.089549
7.1633 0.13396
7.1837 0.3199
7.2041 0.45922
7.2245 0.55454
7.2449 0.6143
7.2653 0.64738
7.2857 0.6603
7.3061 0.65717
7.3265 0.6411
7.3469 0.61553
7.3673 0.58418
7.3878 0.55034
7.4082 0.51607
7.4286 0.48216
7.449 0.44849
7.4694 0.41454
7.4898 0.37979
7.5102 0.34391
7.5306 0.30675
7.551 0.26828
7.5714 0.22851
7.5918 0.18747
7.6122 0.14518
7.6327 0.10175
7.6531 0.057281
7.6735 0.011956
7.6939 -0.034036
7.7143 -0.08051
7.7347 -0.12733
7.7551 -0.17446
7.7755 -0.2219
7.7959 -0.26968
7.8163 -0.31765
7.8367 -0.3653
7.8571 -0.41172
7.8776 -0.45585
7.898 -0.49708
7.9184 -0.53625
7.9388 -0.57624
7.9592 -0.62147
7.9796 -0.67544
8 -0.7363
8.0204 -0.79271
8.0408 -0.82316
8.0612 -0.80174
8.0816 -0.70941
8.102 -0.54473
8.1224 -0.32707
8.1429 -0.089549
8.1633 0.13396
8.1837 0.3199
8.2041 0.45922
8.2245 0.55454
8.2449 0.6143
8.2653 0.64738
8.2857 0.6603
8.3061 0.65717
8.3265 0.6411
8.3469 0.61553
8.3673 0.58418
8.3878 0.55034
8.4082 0.51607
8.4286 0.48216
8.449 0.44849
8.4694 0.41454
8.4898 0.37979
8.5102 0.34391
8.5306 0.30675
8.551 0.26828
8.5714 0.22851
8.5918 0.18747
8.6122 0.14518
8.6327 0.10175
8.6531 0.057281
8.6735 0.011956
8.6939 -0.034036
8.7143 -0.08051
8.7347 -0.12733
8.7551 -0.17446
8.7755 -0.2219
8.7959 -0.26968
8.8163 -0.31765
8.8367 -0.3653
8.8571 -0.41172
8.8776 -0.45585
8.898 -0.49708
8.9184 -0.53625
8.9388 -0.57624
8.9592 -0.62147
8.9796 -0.67544
